   3.12571808851097      -0.413754779286461       0.812861120936706     
  -6.13901503338424       -1.64469398189729        2.84841149482441     
  -2.81842654532393        2.50090270816463      -0.542344064802139     
  -1.31871689606000       -1.69567899922541      -0.199129776516573     
  0.855575540211335        2.89801030872159      -4.707361794192937E-002
   4.96288179091588        2.10984206896287      -0.966340364387614     
   2.50397067045502      -0.403471063066246       -1.24642174033212     
  -2.96756949678588      -0.179380348002614      -0.370649272778021     
  0.492100107071736       0.232300684307909      -0.196622899763470     
  -5.82218830329660       0.360449610816038       -1.43770337047159     
   3.66792087114528       -2.18248489821129      -0.935400074482118     
 -0.999971294349867      -0.413570950643408      -0.270774681087700     
   5.59613811610605       1.299183097958234E-002   1.36840122577956     
   4.46878552834875       -1.95595383198150      -0.293538772737656     
  0.282127358228504       -2.62535681670036        1.27077431041792     
  -4.03521255794266      -0.683125004809517      -0.705800480514548     
  -4.69697213336074      -0.292673912370220        1.14600971959668     
   3.10570488936115       2.976794975629965E-002 -0.260081908337868     
 -0.747252391380674       0.233703499324848      -0.478462211040702     
   3.71536362678409       0.605409585675062        1.09078864952113     
  -2.73974488062656       -1.32761921940108      -0.685566338192946     
   1.35510910528549      -0.224469134604492        1.93375888407272     
